0,473
0,471
0,470
0,469
0,468
0,467
0,466
0,465
49,2
0,459
0,456
0,386
49,1
49,3
38,2
38,1
38,3
3,2
3,1
3,3
10,29
10,185
10,31
10,19
10,232
10,191
10,192
10,251
10,2
10,3
11,28
11,23
11,13
11,16
11,17
11,21
11,2
11,3
9,7
9,2
9,3
8,15
8,16
8,5
8,17
8,10
8,2
8,3
102,2589
102,2588
102,2587
102,2586
102,2585
102,2584
102,2583
102,2582
102,2581
102,2580
102,2579
102,2578
102,2577
102,2576
102,2575
102,2574
102,2573
102,2572
102,2571
102,2570
102,2569
102,2568
102,2567
102,2566
102,2565
102,2564
102,2563
102,2562
102,2561
102,2560
102,2559
102,2558
102,2557
102,2556
102,2555
102,2554
102,2553
102,2552
102,2551
102,2550
102,2549
102,2548
102,2547
102,2546
102,2545
102,2544
102,2543
102,2542
102,2541
102,2540
102,2539
102,2538
102,2537
102,2536
102,2535
102,2534
102,2533
102,2532
102,2531
